1.824378421351931623e+00
3.446273357777320800e+00
-4.272392191336908396e-01
1.952763193829479826e+00
1.107811664116157724e+00
8.807680600387065573e-01
3.022545300963329851e+00
7.764149109772966462e-01
-2.490576173214463229e-01
1.802244190246075739e+00
3.100371441356262636e+00
-8.335156948109412323e-02
1.969300960864610150e+00
3.280541616809977690e-01
9.961739006957697207e-01
1.715756554539174639e+00
3.271926772534519134e+00
1.968713165923075215e+00
1.458441602562991601e+00
1.762477542722943102e+00
3.000001952294319096e+00
-1.683494731312408232e-01
2.946188607956797156e+00
1.235000243900058248e+00
2.831157259234027723e+00
-3.586871170389726582e-01
-1.125336544526589488e-02
8.504258101412275339e-01
1.932235606794160621e+00
1.001805050194664926e+00
3.108470514429805931e+00
2.051314090400258916e+00
1.005762834316085708e-01
-1.818015229853698900e-01
3.074088907332646947e+00
1.110290808909284888e+00
1.008307878599680629e+00
-2.115904437724678011e-01
1.872468997503139665e+00
2.513046484695791172e+00
